-> All the odd numbers from 0 to 99
   1   3   5   7   9  11  13  15  17  19  21  23  25  27  29  31  33  35  37  39  41  43  45  47  49  51  53  55  57
   59  61  63  65  67  69  71  73  75  77  79  81  83  85  87  89  91  93  95  97  99

-> 0 to 100 in 10's
   0  10  20  30  40  50  60  70  80  90 100

-> 20, 19, 18... 0
 20, 19, 18, 17, 16, 15, 14, 13, 12, 11, 10, 9, 8, 7, 6, 5, 4, 3, 2, 1, 0

-> Divisible by 69 between 1 and 1000
 69
 138
 207
 276
 345
 414
 483
 552
 621
 690
 759
 828
 897
 966

